Focal Animal Recording,,,,,,,,,
(c)Michael J. Renner,,,,,,,,,
,,,,,,,,,
Observer:,Bnp,,,,,,,,
Study Code:,Bass2021,,,,,,,,
Indiv ID:,R20070,,,,,,,,
Obs Site:,Other Site,,,,,,,,
Obs Type:,Assessment,,,,,,,,
Housing:,Group,,,,,,,,
Room/Cage:,Ab120/9,,,,,,,,
Behavior Date:,4/21/21,,,,,,,,
Behavior Time:,11:25 AM,,,,,,,,
Ethogram:,2021 Bass.csv,,,,,,,,
Coding Began:,4/21/21 11:26,,,,,,,,
Coding Ended:,4/21/21 11:31,,,,,,,,
Session duration:,0:05:01,,,,,,,,
App Version:,1.0.43.0,,,,,,,,
,,,,,,,,,
,,,,,,,,,
Observer, IndivID, Weather, Temp, Date, Version, BehavCode, StartTime, Duration, CumTime
Bnp,R20070,Group,Ab120/9,4/21/21,1.0.43.0,Groom,11:26:18,00:10.0,00:10.0
Bnp,R20070,Group,Ab120/9,4/21/21,1.0.43.0,Social/play,11:26:28,00:04.7,00:14.8
Bnp,R20070,Group,Ab120/9,4/21/21,1.0.43.0,Locomotion,11:26:33,00:25.2,00:39.9
Bnp,R20070,Group,Ab120/9,4/21/21,1.0.43.0,Eat/drink,11:26:58,01:02.6,01:42.5
Bnp,R20070,Group,Ab120/9,4/21/21,1.0.43.0,Locomotion,11:28:00,00:06.3,01:48.8
Bnp,R20070,Group,Ab120/9,4/21/21,1.0.43.0,Eat/drink,11:28:07,00:12.4,02:01.2
Bnp,R20070,Group,Ab120/9,4/21/21,1.0.43.0,Locomotion,11:28:19,00:01.2,02:02.3
Bnp,R20070,Group,Ab120/9,4/21/21,1.0.43.0,Eat/drink,11:28:20,00:10.1,02:12.4
Bnp,R20070,Group,Ab120/9,4/21/21,1.0.43.0,Social/play,11:28:30,00:08.0,02:20.4
Bnp,R20070,Group,Ab120/9,4/21/21,1.0.43.0,Locomotion,11:28:38,00:02.2,02:22.6
Bnp,R20070,Group,Ab120/9,4/21/21,1.0.43.0,Eat/drink,11:28:40,00:28.4,02:51.0
Bnp,R20070,Group,Ab120/9,4/21/21,1.0.43.0,Locomotion,11:29:09,00:11.5,03:02.5
Bnp,R20070,Group,Ab120/9,4/21/21,1.0.43.0,Tactile/explore,11:29:20,00:20.1,03:22.6
Bnp,R20070,Group,Ab120/9,4/21/21,1.0.43.0,Locomotion,11:29:40,00:01.6,03:24.2
Bnp,R20070,Group,Ab120/9,4/21/21,1.0.43.0,Social/play,11:29:42,00:06.0,03:30.2
Bnp,R20070,Group,Ab120/9,4/21/21,1.0.43.0,Locomotion,11:29:48,00:02.8,03:33.0
Bnp,R20070,Group,Ab120/9,4/21/21,1.0.43.0,Tactile/explore,11:29:51,00:07.1,03:40.1
Bnp,R20070,Group,Ab120/9,4/21/21,1.0.43.0,Locomotion,11:29:58,00:01.7,03:41.8
Bnp,R20070,Group,Ab120/9,4/21/21,1.0.43.0,Inactive,11:30:00,00:03.6,03:45.4
Bnp,R20070,Group,Ab120/9,4/21/21,1.0.43.0,Locomotion,11:30:03,00:07.3,03:52.7
Bnp,R20070,Group,Ab120/9,4/21/21,1.0.43.0,Tactile/explore,11:30:11,00:02.0,03:54.7
Bnp,R20070,Group,Ab120/9,4/21/21,1.0.43.0,Locomotion,11:30:13,00:10.4,04:05.1
Bnp,R20070,Group,Ab120/9,4/21/21,1.0.43.0,Threat/display,11:30:23,00:01.1,04:06.3
Bnp,R20070,Group,Ab120/9,4/21/21,1.0.43.0,Locomotion,11:30:24,00:06.6,04:12.9
Bnp,R20070,Group,Ab120/9,4/21/21,1.0.43.0,Lipsmack,11:30:31,00:03.5,04:16.3
Bnp,R20070,Group,Ab120/9,4/21/21,1.0.43.0,Locomotion,11:30:34,00:02.0,04:18.3
Bnp,R20070,Group,Ab120/9,4/21/21,1.0.43.0,Inactive,11:30:36,00:02.1,04:20.4
Bnp,R20070,Group,Ab120/9,4/21/21,1.0.43.0,Social/play,11:30:38,00:04.8,04:25.2
Bnp,R20070,Group,Ab120/9,4/21/21,1.0.43.0,Lipsmack,11:30:43,00:04.0,04:29.2
Bnp,R20070,Group,Ab120/9,4/21/21,1.0.43.0,Locomotion,11:30:47,00:01.0,04:30.2
Bnp,R20070,Group,Ab120/9,4/21/21,1.0.43.0,Inactive,11:30:48,00:03.2,04:33.5
Bnp,R20070,Group,Ab120/9,4/21/21,1.0.43.0,Social/play,11:30:51,00:03.9,04:37.4
Bnp,R20070,Group,Ab120/9,4/21/21,1.0.43.0,Locomotion,11:30:55,00:04.2,04:41.6
Bnp,R20070,Group,Ab120/9,4/21/21,1.0.43.0,Social/play,11:30:59,00:18.6,05:00.2
,,,,,,,,,
BehavCode, Occurrences, totalTime,,,,,,,
Inactive,3,00:08.9,,,,,,,
Threat/display,1,00:01.1,,,,,,,
Sex/self/other,0,0:00:00,,,,,,,
Locomotion,14,01:23.9,,,,,,,
Present,0,0:00:00,,,,,,,
Eat/drink,4,01:53.4,,,,,,,
Pacing,0,0:00:00,,,,,,,
FearGrimace,0,0:00:00,,,,,,,
Tactile/explore,3,00:29.3,,,,,,,
Jumping,0,0:00:00,,,,,,,
Scratch,0,0:00:00,,,,,,,
Lipsmack,2,00:07.5,,,,,,,
Swing/spin/flip,0,0:00:00,,,,,,,
Yawn,0,0:00:00,,,,,,,
Groom,1,00:10.0,,,,,,,
Rock,0,0:00:00,,,,,,,
Mantleshake,0,0:00:00,,,,,,,
Social/play,6,00:46.0,,,,,,,
Headtoss,0,0:00:00,,,,,,,
Selfdirect,0,0:00:00,,,,,,,
Vocal,0,0:00:00,,,,,,,
Salute,0,0:00:00,,,,,,,
Selfbite,0,0:00:00,,,,,,,
Other,0,0:00:00,,,,,,,