Focal Animal Recording,,,,,,,,,
(c)Michael J. Renner,,,,,,,,,
,,,,,,,,,
Observer:,Js,,,,,,,,
Study Code:,2021bass,,,,,,,,
Indiv ID:,Rh3028,,,,,,,,
Obs Site:,Blank Park Zoo,,,,,,,,
Obs Type:,Assessment,,,,,,,,
Housing:,Pair,,,,,,,,
Room/Cage:,Bmqh2c19,,,,,,,,
Behavior Date:,5/6/21,,,,,,,,
Behavior Time:,10:16 AM,,,,,,,,
Ethogram:,2021 bass.csv,,,,,,,,
Coding Began:,5/6/21 10:17,,,,,,,,
Coding Ended:,5/6/21 10:22,,,,,,,,
Session duration:,0:05:34,,,,,,,,
App Version:,1.0.46.0,,,,,,,,
Notes:,Self direct=licking confers and palm,,,,,,,,
,,,,,,,,,
Observer, IndivID, Weather, Temp, Date, Version, BehavCode, StartTime, Duration, CumTime
Js,Rh3028,Pair,Bmqh2c19,5/6/21,1.0.46.0,Sex/self/other,10:17:17,00:16.6,00:16.6
Js,Rh3028,Pair,Bmqh2c19,5/6/21,1.0.46.0,Threat/display,10:17:33,00:03.4,00:20.0
Js,Rh3028,Pair,Bmqh2c19,5/6/21,1.0.46.0,Inactive,10:17:37,00:04.9,00:24.9
Js,Rh3028,Pair,Bmqh2c19,5/6/21,1.0.46.0,Tactile/exploreore,10:17:42,00:02.2,00:27.0
Js,Rh3028,Pair,Bmqh2c19,5/6/21,1.0.46.0,Inactive,10:17:44,00:04.8,00:31.8
Js,Rh3028,Pair,Bmqh2c19,5/6/21,1.0.46.0,Scratch,10:17:49,00:02.5,00:34.3
Js,Rh3028,Pair,Bmqh2c19,5/6/21,1.0.46.0,Inactive,10:17:51,00:03.7,00:38.0
Js,Rh3028,Pair,Bmqh2c19,5/6/21,1.0.46.0,Selfdirect,10:17:55,00:02.1,00:40.1
Js,Rh3028,Pair,Bmqh2c19,5/6/21,1.0.46.0,Locomotion,10:17:57,00:00.4,00:40.5
Js,Rh3028,Pair,Bmqh2c19,5/6/21,1.0.46.0,Inactive,10:17:57,00:10.6,00:51.1
Js,Rh3028,Pair,Bmqh2c19,5/6/21,1.0.46.0,Tactile/exploreore,10:18:08,00:14.4,01:05.4
Js,Rh3028,Pair,Bmqh2c19,5/6/21,1.0.46.0,Inactive,10:18:22,00:02.4,01:07.8
Js,Rh3028,Pair,Bmqh2c19,5/6/21,1.0.46.0,Tactile/exploreore,10:18:25,00:12.1,01:19.9
Js,Rh3028,Pair,Bmqh2c19,5/6/21,1.0.46.0,Groom,10:18:37,00:07.9,01:27.8
Js,Rh3028,Pair,Bmqh2c19,5/6/21,1.0.46.0,Inactive,10:18:45,00:02.9,01:30.7
Js,Rh3028,Pair,Bmqh2c19,5/6/21,1.0.46.0,Tactile/exploreore,10:18:48,00:11.0,01:41.8
Js,Rh3028,Pair,Bmqh2c19,5/6/21,1.0.46.0,Selfdirect,10:18:59,01:19.6,03:01.3
Js,Rh3028,Pair,Bmqh2c19,5/6/21,1.0.46.0,Inactive,10:20:18,00:03.1,03:04.4
Js,Rh3028,Pair,Bmqh2c19,5/6/21,1.0.46.0,Selfdirect,10:20:21,00:04.3,03:08.7
Js,Rh3028,Pair,Bmqh2c19,5/6/21,1.0.46.0,Locomotion,10:20:26,00:02.4,03:11.2
Js,Rh3028,Pair,Bmqh2c19,5/6/21,1.0.46.0,Inactive,10:20:28,00:01.8,03:13.0
Js,Rh3028,Pair,Bmqh2c19,5/6/21,1.0.46.0,Locomotion,10:20:30,00:05.2,03:18.2
Js,Rh3028,Pair,Bmqh2c19,5/6/21,1.0.46.0,Selfdirect,10:20:35,00:23.5,03:41.7
Js,Rh3028,Pair,Bmqh2c19,5/6/21,1.0.46.0,Inactive,10:20:59,00:02.1,03:43.7
Js,Rh3028,Pair,Bmqh2c19,5/6/21,1.0.46.0,Scratch,10:21:01,00:04.5,03:48.2
Js,Rh3028,Pair,Bmqh2c19,5/6/21,1.0.46.0,Inactive,10:21:05,00:03.4,03:51.5
Js,Rh3028,Pair,Bmqh2c19,5/6/21,1.0.46.0,Tactile/exploreore,10:21:08,00:02.6,03:54.2
Js,Rh3028,Pair,Bmqh2c19,5/6/21,1.0.46.0,Locomotion,10:21:11,00:04.2,03:58.4
Js,Rh3028,Pair,Bmqh2c19,5/6/21,1.0.46.0,Tactile/exploreore,10:21:15,00:10.8,04:09.1
Js,Rh3028,Pair,Bmqh2c19,5/6/21,1.0.46.0,Inactive,10:21:26,00:03.3,04:12.5
Js,Rh3028,Pair,Bmqh2c19,5/6/21,1.0.46.0,Tactile/exploreore,10:21:29,00:10.6,04:23.1
Js,Rh3028,Pair,Bmqh2c19,5/6/21,1.0.46.0,Threat/display,10:21:40,00:02.1,04:25.1
Js,Rh3028,Pair,Bmqh2c19,5/6/21,1.0.46.0,Tactile/exploreore,10:21:42,00:15.8,04:41.0
Js,Rh3028,Pair,Bmqh2c19,5/6/21,1.0.46.0,Selfdirect,10:21:58,00:13.7,04:54.7
Js,Rh3028,Pair,Bmqh2c19,5/6/21,1.0.46.0,Inactive,10:22:12,00:03.9,04:58.5
Js,Rh3028,Pair,Bmqh2c19,5/6/21,1.0.46.0,Tactile/exploreore,10:22:15,00:02.7,05:01.3
,,,,,,,,,
BehavCode, Occurrences, totalTime,,,,,,,
Inactive,12,00:46.7,,,,,,,
Threat/display,2,00:05.5,,,,,,,
Sex/self/other,1,00:16.6,,,,,,,
Locomotion,4,00:12.3,,,,,,,
Aggression,0,0:00:00,,,,,,,
Eat/drink,0,0:00:00,,,,,,,
Pacing,0,0:00:00,,,,,,,
Present,0,0:00:00,,,,,,,
Tactile/exploreore,9,01:22.2,,,,,,,
Jumping,0,0:00:00,,,,,,,
Feargrimace,0,0:00:00,,,,,,,
Lipsmack,0,0:00:00,,,,,,,
Swing/spin/flip,0,0:00:00,,,,,,,
Scratch,2,00:07.0,,,,,,,
Groom,1,00:07.9,,,,,,,
Rock,0,0:00:00,,,,,,,
Yawn,0,0:00:00,,,,,,,
SocGroom,0,0:00:00,,,,,,,
Headtoss,0,0:00:00,,,,,,,
Mantleshake,0,0:00:00,,,,,,,
Social/play,0,0:00:00,,,,,,,
Salute,0,0:00:00,,,,,,,
Selfdirect,5,02:03.2,,,,,,,
Vocal,0,0:00:00,,,,,,,
Cling,0,0:00:00,,,,,,,
Selfbite,0,0:00:00,,,,,,,
Other,0,0:00:00,,,,,,,