Focal Animal Recording,,,,,,,,,
(c)Michael J. Renner,,,,,,,,,
,,,,,,,,,
Observer:,ta,,,,,,,,
Study Code:,,,,,,,,,
Indiv ID:,rh3054,,,,,,,,
Obs Site:,Blank Park Zoo,,,,,,,,
Obs Type:,Assessment,,,,,,,,
Housing:,Pair,,,,,,,,
Room/Cage:,a244acg7,,,,,,,,
Behavior Date:,4/15/21,,,,,,,,
Behavior Time:,12:02 PM,,,,,,,,
Ethogram:,2021 Bass.csv,,,,,,,,
Coding Began:,4/15/21 12:03,,,,,,,,
Coding Ended:,4/15/21 12:08,,,,,,,,
Session duration:,0:05:03,,,,,,,,
App Version:,1.0.43.0,,,,,,,,
,,,,,,,,,
,,,,,,,,,
Observer, IndivID, Weather, Temp, Date, Version, BehavCode, StartTime, Duration, CumTime
ta,rh3054,Pair,a244acg7,4/15/21,1.0.43.0,Inactive,12:03:36,00:04.6,00:04.6
ta,rh3054,Pair,a244acg7,4/15/21,1.0.43.0,Vocal,12:03:40,00:01.5,00:06.1
ta,rh3054,Pair,a244acg7,4/15/21,1.0.43.0,Inactive,12:03:42,00:06.6,00:12.7
ta,rh3054,Pair,a244acg7,4/15/21,1.0.43.0,Locomotion,12:03:48,00:00.9,00:13.6
ta,rh3054,Pair,a244acg7,4/15/21,1.0.43.0,Vocal,12:03:49,00:01.1,00:14.8
ta,rh3054,Pair,a244acg7,4/15/21,1.0.43.0,Inactive,12:03:50,00:11.5,00:26.2
ta,rh3054,Pair,a244acg7,4/15/21,1.0.43.0,Threat/display,12:04:02,00:01.2,00:27.4
ta,rh3054,Pair,a244acg7,4/15/21,1.0.43.0,Inactive,12:04:03,00:02.3,00:29.7
ta,rh3054,Pair,a244acg7,4/15/21,1.0.43.0,Vocal,12:04:05,00:02.1,00:31.8
ta,rh3054,Pair,a244acg7,4/15/21,1.0.43.0,Locomotion,12:04:07,00:02.5,00:34.3
ta,rh3054,Pair,a244acg7,4/15/21,1.0.43.0,Threat/display,12:04:10,00:02.0,00:36.2
ta,rh3054,Pair,a244acg7,4/15/21,1.0.43.0,Vocal,12:04:12,00:01.7,00:37.9
ta,rh3054,Pair,a244acg7,4/15/21,1.0.43.0,Threat/display,12:04:13,00:02.3,00:40.2
ta,rh3054,Pair,a244acg7,4/15/21,1.0.43.0,Inactive,12:04:16,00:06.5,00:46.7
ta,rh3054,Pair,a244acg7,4/15/21,1.0.43.0,Vocal,12:04:22,00:01.5,00:48.2
ta,rh3054,Pair,a244acg7,4/15/21,1.0.43.0,Inactive,12:04:24,00:11.0,00:59.2
ta,rh3054,Pair,a244acg7,4/15/21,1.0.43.0,Locomotion,12:04:35,00:01.5,01:00.8
ta,rh3054,Pair,a244acg7,4/15/21,1.0.43.0,Inactive,12:04:36,00:07.1,01:07.8
ta,rh3054,Pair,a244acg7,4/15/21,1.0.43.0,Vocal,12:04:43,00:01.4,01:09.2
ta,rh3054,Pair,a244acg7,4/15/21,1.0.43.0,Inactive,12:04:45,00:09.6,01:18.8
ta,rh3054,Pair,a244acg7,4/15/21,1.0.43.0,Threat/display,12:04:54,00:01.9,01:20.7
ta,rh3054,Pair,a244acg7,4/15/21,1.0.43.0,Inactive,12:04:56,00:05.9,01:26.6
ta,rh3054,Pair,a244acg7,4/15/21,1.0.43.0,Vocal,12:05:02,00:01.6,01:28.2
ta,rh3054,Pair,a244acg7,4/15/21,1.0.43.0,Inactive,12:05:04,00:15.1,01:43.3
ta,rh3054,Pair,a244acg7,4/15/21,1.0.43.0,Threat/display,12:05:19,00:04.1,01:47.4
ta,rh3054,Pair,a244acg7,4/15/21,1.0.43.0,Inactive,12:05:23,00:07.3,01:54.7
ta,rh3054,Pair,a244acg7,4/15/21,1.0.43.0,Threat/display,12:05:30,00:02.3,01:57.0
ta,rh3054,Pair,a244acg7,4/15/21,1.0.43.0,Inactive,12:05:33,00:12.5,02:09.5
ta,rh3054,Pair,a244acg7,4/15/21,1.0.43.0,Threat/display,12:05:45,00:03.0,02:12.5
ta,rh3054,Pair,a244acg7,4/15/21,1.0.43.0,Inactive,12:05:48,00:11.9,02:24.4
ta,rh3054,Pair,a244acg7,4/15/21,1.0.43.0,Threat/display,12:06:00,00:01.8,02:26.2
ta,rh3054,Pair,a244acg7,4/15/21,1.0.43.0,Inactive,12:06:02,00:08.4,02:34.7
ta,rh3054,Pair,a244acg7,4/15/21,1.0.43.0,Vocal,12:06:10,00:01.3,02:35.9
ta,rh3054,Pair,a244acg7,4/15/21,1.0.43.0,Inactive,12:06:11,00:12.7,02:48.6
ta,rh3054,Pair,a244acg7,4/15/21,1.0.43.0,Threat/display,12:06:24,00:01.5,02:50.1
ta,rh3054,Pair,a244acg7,4/15/21,1.0.43.0,Inactive,12:06:26,00:10.2,03:00.3
ta,rh3054,Pair,a244acg7,4/15/21,1.0.43.0,Threat/display,12:06:36,00:01.6,03:01.9
ta,rh3054,Pair,a244acg7,4/15/21,1.0.43.0,Vocal,12:06:37,00:01.1,03:03.0
ta,rh3054,Pair,a244acg7,4/15/21,1.0.43.0,Inactive,12:06:39,00:31.3,03:34.3
ta,rh3054,Pair,a244acg7,4/15/21,1.0.43.0,Lipsmack,12:07:10,00:02.2,03:36.5
ta,rh3054,Pair,a244acg7,4/15/21,1.0.43.0,Locomotion,12:07:12,00:02.3,03:38.9
ta,rh3054,Pair,a244acg7,4/15/21,1.0.43.0,Vocal,12:07:14,00:02.8,03:41.7
ta,rh3054,Pair,a244acg7,4/15/21,1.0.43.0,Inactive,12:07:17,00:23.2,04:04.9
ta,rh3054,Pair,a244acg7,4/15/21,1.0.43.0,Locomotion,12:07:40,00:03.4,04:08.3
ta,rh3054,Pair,a244acg7,4/15/21,1.0.43.0,Vocal,12:07:44,00:02.1,04:10.3
ta,rh3054,Pair,a244acg7,4/15/21,1.0.43.0,Inactive,12:07:46,00:25.3,04:35.6
ta,rh3054,Pair,a244acg7,4/15/21,1.0.43.0,Vocal,12:08:11,00:01.0,04:36.7
ta,rh3054,Pair,a244acg7,4/15/21,1.0.43.0,Inactive,12:08:12,00:03.0,04:39.7
ta,rh3054,Pair,a244acg7,4/15/21,1.0.43.0,Locomotion,12:08:15,00:01.7,04:41.3
ta,rh3054,Pair,a244acg7,4/15/21,1.0.43.0,Vocal,12:08:17,00:01.0,04:42.3
ta,rh3054,Pair,a244acg7,4/15/21,1.0.43.0,Inactive,12:08:18,00:05.2,04:47.5
ta,rh3054,Pair,a244acg7,4/15/21,1.0.43.0,Vocal,12:08:23,00:02.2,04:49.7
ta,rh3054,Pair,a244acg7,4/15/21,1.0.43.0,Inactive,12:08:25,00:13.2,05:02.8
,,,,,,,,,
BehavCode, Occurrences, totalTime,,,,,,,
Inactive,22,04:04.3,,,,,,,
Threat/display,10,00:21.8,,,,,,,
Sex/self/other,0,0:00:00,,,,,,,
Locomotion,6,00:12.2,,,,,,,
Present,0,0:00:00,,,,,,,
Eat/drink,0,0:00:00,,,,,,,
Pacing,0,0:00:00,,,,,,,
FearGrimace,0,0:00:00,,,,,,,
Tactile/explore,0,0:00:00,,,,,,,
Jumping,0,0:00:00,,,,,,,
Scratch,0,0:00:00,,,,,,,
Lipsmack,1,00:02.2,,,,,,,
Swing/spin/flip,0,0:00:00,,,,,,,
Yawn,0,0:00:00,,,,,,,
Groom,0,0:00:00,,,,,,,
Rock,0,0:00:00,,,,,,,
Mantleshake,0,0:00:00,,,,,,,
Social/play,0,0:00:00,,,,,,,
Headtoss,0,0:00:00,,,,,,,
Selfdirect,0,0:00:00,,,,,,,
Vocal,14,00:22.4,,,,,,,
Salute,0,0:00:00,,,,,,,
Selfbite,0,0:00:00,,,,,,,
Other,0,0:00:00,,,,,,,