Focal Animal Recording,,,,,,,,,
(c)Michael J. Renner,,,,,,,,,
,,,,,,,,,
Observer:,ta,,,,,,,,
Study Code:,bass,,,,,,,,
Indiv ID:,rh3003,,,,,,,,
Obs Site:,Blank Park Zoo,,,,,,,,
Obs Type:,Assessment,,,,,,,,
Housing:,Single,,,,,,,,
Room/Cage:,a274c18,,,,,,,,
Behavior Date:,4/27/21,,,,,,,,
Behavior Time:,11:45 AM,,,,,,,,
Ethogram:,2021 Bass.csv,,,,,,,,
Coding Began:,4/27/21 11:46,,,,,,,,
Coding Ended:,4/27/21 11:51,,,,,,,,
Session duration:,0:05:02,,,,,,,,
App Version:,1.0.43.0,,,,,,,,
,,,,,,,,,
,,,,,,,,,
Observer, IndivID, Weather, Temp, Date, Version, BehavCode, StartTime, Duration, CumTime
ta,rh3003,Single,a274c18,4/27/21,1.0.43.0,Inactive,11:46:02,00:13.4,00:13.4
ta,rh3003,Single,a274c18,4/27/21,1.0.43.0,Locomotion,11:46:15,00:02.8,00:16.2
ta,rh3003,Single,a274c18,4/27/21,1.0.43.0,Inactive,11:46:18,00:12.4,00:28.6
ta,rh3003,Single,a274c18,4/27/21,1.0.43.0,Lipsmack,11:46:31,00:01.4,00:30.0
ta,rh3003,Single,a274c18,4/27/21,1.0.43.0,Vocal,11:46:32,00:03.0,00:33.0
ta,rh3003,Single,a274c18,4/27/21,1.0.43.0,Lipsmack,11:46:35,00:01.8,00:34.8
ta,rh3003,Single,a274c18,4/27/21,1.0.43.0,Vocal,11:46:37,00:01.9,00:36.7
ta,rh3003,Single,a274c18,4/27/21,1.0.43.0,Lipsmack,11:46:39,00:02.2,00:38.9
ta,rh3003,Single,a274c18,4/27/21,1.0.43.0,Inactive,11:46:41,00:03.3,00:42.2
ta,rh3003,Single,a274c18,4/27/21,1.0.43.0,Locomotion,11:46:44,00:01.8,00:44.0
ta,rh3003,Single,a274c18,4/27/21,1.0.43.0,Inactive,11:46:46,00:11.2,00:55.2
ta,rh3003,Single,a274c18,4/27/21,1.0.43.0,Yawn,11:46:57,00:01.4,00:56.6
ta,rh3003,Single,a274c18,4/27/21,1.0.43.0,Inactive,11:46:59,00:03.2,00:59.9
ta,rh3003,Single,a274c18,4/27/21,1.0.43.0,Eat/drink,11:47:02,00:19.0,01:18.9
ta,rh3003,Single,a274c18,4/27/21,1.0.43.0,Tactile/explore,11:47:21,00:10.1,01:29.0
ta,rh3003,Single,a274c18,4/27/21,1.0.43.0,Eat/drink,11:47:31,00:05.2,01:34.2
ta,rh3003,Single,a274c18,4/27/21,1.0.43.0,Threat/display,11:47:36,00:07.2,01:41.4
ta,rh3003,Single,a274c18,4/27/21,1.0.43.0,Inactive,11:47:43,00:27.2,02:08.7
ta,rh3003,Single,a274c18,4/27/21,1.0.43.0,Eat/drink,11:48:11,00:26.2,02:34.9
ta,rh3003,Single,a274c18,4/27/21,1.0.43.0,Yawn,11:48:37,00:04.1,02:39.0
ta,rh3003,Single,a274c18,4/27/21,1.0.43.0,Threat/display,11:48:41,00:03.5,02:42.5
ta,rh3003,Single,a274c18,4/27/21,1.0.43.0,Inactive,11:48:45,00:08.4,02:50.9
ta,rh3003,Single,a274c18,4/27/21,1.0.43.0,Tactile/explore,11:48:53,00:18.1,03:09.1
ta,rh3003,Single,a274c18,4/27/21,1.0.43.0,Inactive,11:49:11,00:09.6,03:18.7
ta,rh3003,Single,a274c18,4/27/21,1.0.43.0,Threat/display,11:49:21,00:04.1,03:22.8
ta,rh3003,Single,a274c18,4/27/21,1.0.43.0,Locomotion,11:49:25,00:01.8,03:24.6
ta,rh3003,Single,a274c18,4/27/21,1.0.43.0,Inactive,11:49:27,00:05.8,03:30.4
ta,rh3003,Single,a274c18,4/27/21,1.0.43.0,Threat/display,11:49:32,00:02.0,03:32.4
ta,rh3003,Single,a274c18,4/27/21,1.0.43.0,Inactive,11:49:34,00:07.1,03:39.5
ta,rh3003,Single,a274c18,4/27/21,1.0.43.0,Eat/drink,11:49:42,00:16.2,03:55.7
ta,rh3003,Single,a274c18,4/27/21,1.0.43.0,Inactive,11:49:58,00:12.7,04:08.4
ta,rh3003,Single,a274c18,4/27/21,1.0.43.0,Locomotion,11:50:10,00:08.5,04:16.8
ta,rh3003,Single,a274c18,4/27/21,1.0.43.0,Tactile/explore,11:50:19,00:36.5,04:53.4
ta,rh3003,Single,a274c18,4/27/21,1.0.43.0,Locomotion,11:50:55,00:02.4,04:55.8
ta,rh3003,Single,a274c18,4/27/21,1.0.43.0,Inactive,11:50:58,00:05.5,05:01.3
,,,,,,,,,
BehavCode, Occurrences, totalTime,,,,,,,
Inactive,12,02:00.0,,,,,,,
Threat/display,4,00:16.9,,,,,,,
Sex/self/other,0,0:00:00,,,,,,,
Locomotion,5,00:17.2,,,,,,,
Present,0,0:00:00,,,,,,,
Eat/drink,4,01:06.6,,,,,,,
Pacing,0,0:00:00,,,,,,,
FearGrimace,0,0:00:00,,,,,,,
Tactile/explore,3,01:04.8,,,,,,,
Jumping,0,0:00:00,,,,,,,
Scratch,0,0:00:00,,,,,,,
Lipsmack,3,00:05.4,,,,,,,
Swing/spin/flip,0,0:00:00,,,,,,,
Yawn,2,00:05.5,,,,,,,
Groom,0,0:00:00,,,,,,,
Rock,0,0:00:00,,,,,,,
Mantleshake,0,0:00:00,,,,,,,
Social/play,0,0:00:00,,,,,,,
Headtoss,0,0:00:00,,,,,,,
Selfdirect,0,0:00:00,,,,,,,
Vocal,2,00:04.9,,,,,,,
Salute,0,0:00:00,,,,,,,
Selfbite,0,0:00:00,,,,,,,
Other,0,0:00:00,,,,,,,