Focal Animal Recording,,,,,,,,,
(c)Michael J. Renner,,,,,,,,,
,,,,,,,,,
Observer:,BNP,,,,,,,,
Study Code:,Bass2021,,,,,,,,
Indiv ID:,Rh2964,,,,,,,,
Obs Site:,Other Site,,,,,,,,
Obs Type:,Assessment,,,,,,,,
Housing:,Pair,,,,,,,,
Room/Cage:,Ab111c5,,,,,,,,
Behavior Date:,5/5/21,,,,,,,,
Behavior Time:,11:21 AM,,,,,,,,
Ethogram:,2021 bass.csv,,,,,,,,
Coding Began:,5/5/21 11:23,,,,,,,,
Coding Ended:,5/5/21 11:28,,,,,,,,
Session duration:,0:05:00,,,,,,,,
App Version:,1.0.44.0,,,,,,,,
Notes:,,,,,,,,,
,,,,,,,,,
Observer, IndivID, Weather, Temp, Date, Version, BehavCode, StartTime, Duration, CumTime
BNP,Rh2964,Pair,Ab111c5,5/5/21,1.0.44.0,Inactive,11:23:14,00:15.2,00:15.2
BNP,Rh2964,Pair,Ab111c5,5/5/21,1.0.44.0,Swing/spin/flip,11:23:29,00:13.1,00:28.3
BNP,Rh2964,Pair,Ab111c5,5/5/21,1.0.44.0,Inactive,11:23:42,00:01.5,00:29.9
BNP,Rh2964,Pair,Ab111c5,5/5/21,1.0.44.0,Headtoss,11:23:44,00:00.7,00:30.6
BNP,Rh2964,Pair,Ab111c5,5/5/21,1.0.44.0,Locomotion,11:23:45,00:02.3,00:32.9
BNP,Rh2964,Pair,Ab111c5,5/5/21,1.0.44.0,Swing/spin/flip,11:23:47,00:08.5,00:41.4
BNP,Rh2964,Pair,Ab111c5,5/5/21,1.0.44.0,Inactive,11:23:55,00:03.4,00:44.8
BNP,Rh2964,Pair,Ab111c5,5/5/21,1.0.44.0,Headtoss,11:23:59,00:01.4,00:46.2
BNP,Rh2964,Pair,Ab111c5,5/5/21,1.0.44.0,Locomotion,11:24:00,00:02.1,00:48.3
BNP,Rh2964,Pair,Ab111c5,5/5/21,1.0.44.0,Inactive,11:24:02,00:03.2,00:51.4
BNP,Rh2964,Pair,Ab111c5,5/5/21,1.0.44.0,Locomotion,11:24:06,00:02.8,00:54.2
BNP,Rh2964,Pair,Ab111c5,5/5/21,1.0.44.0,Headtoss,11:24:08,00:00.6,00:54.8
BNP,Rh2964,Pair,Ab111c5,5/5/21,1.0.44.0,Locomotion,11:24:09,00:02.1,00:56.9
BNP,Rh2964,Pair,Ab111c5,5/5/21,1.0.44.0,Swing/spin/flip,11:24:11,00:06.9,01:03.8
BNP,Rh2964,Pair,Ab111c5,5/5/21,1.0.44.0,Inactive,11:24:18,00:02.8,01:06.6
BNP,Rh2964,Pair,Ab111c5,5/5/21,1.0.44.0,Locomotion,11:24:21,00:04.0,01:10.7
BNP,Rh2964,Pair,Ab111c5,5/5/21,1.0.44.0,Inactive,11:24:25,00:05.4,01:16.1
BNP,Rh2964,Pair,Ab111c5,5/5/21,1.0.44.0,Locomotion,11:24:30,00:03.6,01:19.7
BNP,Rh2964,Pair,Ab111c5,5/5/21,1.0.44.0,Headtoss,11:24:34,00:00.6,01:20.3
BNP,Rh2964,Pair,Ab111c5,5/5/21,1.0.44.0,Locomotion,11:24:34,00:01.9,01:22.2
BNP,Rh2964,Pair,Ab111c5,5/5/21,1.0.44.0,Inactive,11:24:36,00:44.0,02:06.2
BNP,Rh2964,Pair,Ab111c5,5/5/21,1.0.44.0,Locomotion,11:25:20,00:03.1,02:09.4
BNP,Rh2964,Pair,Ab111c5,5/5/21,1.0.44.0,Groom,11:25:23,00:07.1,02:16.5
BNP,Rh2964,Pair,Ab111c5,5/5/21,1.0.44.0,Inactive,11:25:31,00:11.1,02:27.6
BNP,Rh2964,Pair,Ab111c5,5/5/21,1.0.44.0,Groom,11:25:42,00:19.3,02:46.9
BNP,Rh2964,Pair,Ab111c5,5/5/21,1.0.44.0,Inactive,11:26:01,00:39.8,03:26.8
BNP,Rh2964,Pair,Ab111c5,5/5/21,1.0.44.0,Locomotion,11:26:41,00:04.1,03:30.8
BNP,Rh2964,Pair,Ab111c5,5/5/21,1.0.44.0,Inactive,11:26:45,00:15.4,03:46.2
BNP,Rh2964,Pair,Ab111c5,5/5/21,1.0.44.0,Locomotion,11:27:00,00:02.0,03:48.1
BNP,Rh2964,Pair,Ab111c5,5/5/21,1.0.44.0,Inactive,11:27:02,00:04.4,03:52.5
BNP,Rh2964,Pair,Ab111c5,5/5/21,1.0.44.0,Locomotion,11:27:07,00:07.4,03:59.9
BNP,Rh2964,Pair,Ab111c5,5/5/21,1.0.44.0,Inactive,11:27:14,00:03.1,04:03.0
BNP,Rh2964,Pair,Ab111c5,5/5/21,1.0.44.0,Locomotion,11:27:17,00:02.5,04:05.6
BNP,Rh2964,Pair,Ab111c5,5/5/21,1.0.44.0,Inactive,11:27:20,00:29.6,04:35.2
BNP,Rh2964,Pair,Ab111c5,5/5/21,1.0.44.0,Headtoss,11:27:49,00:00.7,04:35.9
BNP,Rh2964,Pair,Ab111c5,5/5/21,1.0.44.0,Locomotion,11:27:50,00:01.2,04:37.1
BNP,Rh2964,Pair,Ab111c5,5/5/21,1.0.44.0,Inactive,11:27:51,00:22.8,04:59.9
,,,,,,,,,
BehavCode, Occurrences, totalTime,,,,,,,
Inactive,14,03:21.8,,,,,,,
Threat/display,0,0:00:00,,,,,,,
Sex/self/other,0,0:00:00,,,,,,,
Locomotion,13,00:39.1,,,,,,,
Aggression,0,0:00:00,,,,,,,
Eat/drink,0,0:00:00,,,,,,,
Pacing,0,0:00:00,,,,,,,
Present,0,0:00:00,,,,,,,
Tactile/explore,0,0:00:00,,,,,,,
Jumping,0,0:00:00,,,,,,,
FearGrimace,0,0:00:00,,,,,,,
Lipsmack,0,0:00:00,,,,,,,
Swing/spin/flip,3,00:28.6,,,,,,,
Scratch,0,0:00:00,,,,,,,
Groom,2,00:26.4,,,,,,,
Rock,0,0:00:00,,,,,,,
Yawn,0,0:00:00,,,,,,,
SocGroom,0,0:00:00,,,,,,,
Headtoss,5,00:04.0,,,,,,,
Mantleshake,0,0:00:00,,,,,,,
Social/play,0,0:00:00,,,,,,,
Salute,0,0:00:00,,,,,,,
Selfdirect,0,0:00:00,,,,,,,
Vocal,0,0:00:00,,,,,,,
Cling,0,0:00:00,,,,,,,
Selfbite,0,0:00:00,,,,,,,
Other,0,0:00:00,,,,,,,