Focal Animal Recording,,,,,,,,,
(c)Michael J. Renner,,,,,,,,,
,,,,,,,,,
Observer:,BNP,,,,,,,,
Study Code:,Bass2021,,,,,,,,
Indiv ID:,Rh2784,,,,,,,,
Obs Site:,Other Site,,,,,,,,
Obs Type:,Assessment,,,,,,,,
Housing:,Pair,,,,,,,,
Room/Cage:,Ab142c5,,,,,,,,
Behavior Date:,5/3/21,,,,,,,,
Behavior Time:,11:15 AM,,,,,,,,
Ethogram:,2021 bass.csv,,,,,,,,
Coding Began:,5/3/21 11:16,,,,,,,,
Coding Ended:,5/3/21 11:21,,,,,,,,
Session duration:,0:05:07,,,,,,,,
App Version:,1.0.44.0,,,,,,,,
Notes:,Holding infant,,,,,,,,
,,,,,,,,,
Observer, IndivID, Weather, Temp, Date, Version, BehavCode, StartTime, Duration, CumTime
BNP,Rh2784,Pair,Ab142c5,5/3/21,1.0.44.0,Inactive,11:16:04,00:24.2,00:24.2
BNP,Rh2784,Pair,Ab142c5,5/3/21,1.0.44.0,Vocal,11:16:28,00:01.2,00:25.5
BNP,Rh2784,Pair,Ab142c5,5/3/21,1.0.44.0,Inactive,11:16:29,00:32.4,00:57.9
BNP,Rh2784,Pair,Ab142c5,5/3/21,1.0.44.0,Threat/display,11:17:02,00:01.9,00:59.7
BNP,Rh2784,Pair,Ab142c5,5/3/21,1.0.44.0,Inactive,11:17:04,00:17.7,01:17.4
BNP,Rh2784,Pair,Ab142c5,5/3/21,1.0.44.0,Vocal,11:17:21,00:01.2,01:18.6
BNP,Rh2784,Pair,Ab142c5,5/3/21,1.0.44.0,Inactive,11:17:23,00:02.3,01:20.8
BNP,Rh2784,Pair,Ab142c5,5/3/21,1.0.44.0,Vocal,11:17:25,00:01.4,01:22.3
BNP,Rh2784,Pair,Ab142c5,5/3/21,1.0.44.0,Inactive,11:17:26,00:06.2,01:28.5
BNP,Rh2784,Pair,Ab142c5,5/3/21,1.0.44.0,Vocal,11:17:33,00:00.7,01:29.2
BNP,Rh2784,Pair,Ab142c5,5/3/21,1.0.44.0,Inactive,11:17:33,00:05.7,01:34.9
BNP,Rh2784,Pair,Ab142c5,5/3/21,1.0.44.0,Vocal,11:17:39,00:00.8,01:35.7
BNP,Rh2784,Pair,Ab142c5,5/3/21,1.0.44.0,Inactive,11:17:40,00:21.3,01:57.0
BNP,Rh2784,Pair,Ab142c5,5/3/21,1.0.44.0,Vocal,11:18:01,00:01.1,01:58.0
BNP,Rh2784,Pair,Ab142c5,5/3/21,1.0.44.0,Inactive,11:18:02,00:48.5,02:46.5
BNP,Rh2784,Pair,Ab142c5,5/3/21,1.0.44.0,Vocal,11:18:51,00:01.3,02:47.9
BNP,Rh2784,Pair,Ab142c5,5/3/21,1.0.44.0,Inactive,11:18:52,00:03.5,02:51.3
BNP,Rh2784,Pair,Ab142c5,5/3/21,1.0.44.0,Vocal,11:18:55,00:00.8,02:52.2
BNP,Rh2784,Pair,Ab142c5,5/3/21,1.0.44.0,Inactive,11:18:56,00:07.3,02:59.4
BNP,Rh2784,Pair,Ab142c5,5/3/21,1.0.44.0,Vocal,11:19:03,00:01.0,03:00.4
BNP,Rh2784,Pair,Ab142c5,5/3/21,1.0.44.0,Inactive,11:19:04,00:00.7,03:01.2
BNP,Rh2784,Pair,Ab142c5,5/3/21,1.0.44.0,Vocal,11:19:05,00:00.8,03:01.9
BNP,Rh2784,Pair,Ab142c5,5/3/21,1.0.44.0,Inactive,11:19:06,00:07.3,03:09.2
BNP,Rh2784,Pair,Ab142c5,5/3/21,1.0.44.0,Vocal,11:19:13,00:00.9,03:10.1
BNP,Rh2784,Pair,Ab142c5,5/3/21,1.0.44.0,Inactive,11:19:14,00:02.2,03:12.3
BNP,Rh2784,Pair,Ab142c5,5/3/21,1.0.44.0,Vocal,11:19:16,00:00.8,03:13.2
BNP,Rh2784,Pair,Ab142c5,5/3/21,1.0.44.0,Inactive,11:19:17,00:06.7,03:19.9
BNP,Rh2784,Pair,Ab142c5,5/3/21,1.0.44.0,Vocal,11:19:24,00:00.7,03:20.6
BNP,Rh2784,Pair,Ab142c5,5/3/21,1.0.44.0,Inactive,11:19:25,00:03.5,03:24.2
BNP,Rh2784,Pair,Ab142c5,5/3/21,1.0.44.0,Vocal,11:19:28,00:00.7,03:24.9
BNP,Rh2784,Pair,Ab142c5,5/3/21,1.0.44.0,Inactive,11:19:29,00:57.2,04:22.0
BNP,Rh2784,Pair,Ab142c5,5/3/21,1.0.44.0,Vocal,11:20:26,00:00.9,04:22.9
BNP,Rh2784,Pair,Ab142c5,5/3/21,1.0.44.0,Inactive,11:20:27,00:35.0,04:57.9
BNP,Rh2784,Pair,Ab142c5,5/3/21,1.0.44.0,Social/play,11:21:02,00:02.3,05:00.2
,,,,,,,,,
BehavCode, Occurrences, totalTime,,,,,,,
Inactive,17,04:41.7,,,,,,,
Threat/display,1,00:01.9,,,,,,,
Sex/self/other,0,0:00:00,,,,,,,
Locomotion,0,0:00:00,,,,,,,
Aggression,0,0:00:00,,,,,,,
Eat/drink,0,0:00:00,,,,,,,
Pacing,0,0:00:00,,,,,,,
Present,0,0:00:00,,,,,,,
Tactile/explore,0,0:00:00,,,,,,,
Jumping,0,0:00:00,,,,,,,
FearGrimace,0,0:00:00,,,,,,,
Lipsmack,0,0:00:00,,,,,,,
Swing/spin/flip,0,0:00:00,,,,,,,
Scratch,0,0:00:00,,,,,,,
Groom,0,0:00:00,,,,,,,
Rock,0,0:00:00,,,,,,,
Yawn,0,0:00:00,,,,,,,
SocGroom,0,0:00:00,,,,,,,
Headtoss,0,0:00:00,,,,,,,
Mantleshake,0,0:00:00,,,,,,,
Social/play,1,00:02.3,,,,,,,
Salute,0,0:00:00,,,,,,,
Selfdirect,0,0:00:00,,,,,,,
Vocal,15,00:14.3,,,,,,,
Cling,0,0:00:00,,,,,,,
Selfbite,0,0:00:00,,,,,,,
Other,0,0:00:00,,,,,,,