Focal Animal Recording,,,,,,,,,
(c)Michael J. Renner,,,,,,,,,
,,,,,,,,,
Observer:,BNP,,,,,,,,
Study Code:,Bass2021,,,,,,,,
Indiv ID:,R20017,,,,,,,,
Obs Site:,Other Site,,,,,,,,
Obs Type:,Assessment,,,,,,,,
Housing:,Group,,,,,,,,
Room/Cage:,Ab112/5,,,,,,,,
Behavior Date:,4/15/21,,,,,,,,
Behavior Time:,10:58 AM,,,,,,,,
Ethogram:,2021 Bass.csv,,,,,,,,
Coding Began:,4/15/21 11:00,,,,,,,,
Coding Ended:,4/15/21 11:05,,,,,,,,
Session duration:,0:05:02,,,,,,,,
App Version:,1.0.43.0,,,,,,,,
,,,,,,,,,
,,,,,,,,,
Observer, IndivID, Weather, Temp, Date, Version, BehavCode, StartTime, Duration, CumTime
BNP,R20017,Group,Ab112/5,4/15/21,1.0.43.0,Locomotion,11:00:16,00:05.1,00:05.1
BNP,R20017,Group,Ab112/5,4/15/21,1.0.43.0,Inactive,11:00:21,00:04.4,00:09.5
BNP,R20017,Group,Ab112/5,4/15/21,1.0.43.0,Locomotion,11:00:25,00:07.6,00:17.1
BNP,R20017,Group,Ab112/5,4/15/21,1.0.43.0,Inactive,11:00:33,00:07.1,00:24.2
BNP,R20017,Group,Ab112/5,4/15/21,1.0.43.0,Locomotion,11:00:40,00:07.0,00:31.2
BNP,R20017,Group,Ab112/5,4/15/21,1.0.43.0,Present,11:00:47,00:02.0,00:33.2
BNP,R20017,Group,Ab112/5,4/15/21,1.0.43.0,Locomotion,11:00:49,00:11.3,00:44.5
BNP,R20017,Group,Ab112/5,4/15/21,1.0.43.0,Present,11:01:00,00:03.3,00:47.8
BNP,R20017,Group,Ab112/5,4/15/21,1.0.43.0,Locomotion,11:01:04,00:06.6,00:54.4
BNP,R20017,Group,Ab112/5,4/15/21,1.0.43.0,Present,11:01:10,00:01.9,00:56.4
BNP,R20017,Group,Ab112/5,4/15/21,1.0.43.0,Locomotion,11:01:12,00:04.7,01:01.0
BNP,R20017,Group,Ab112/5,4/15/21,1.0.43.0,Inactive,11:01:17,00:08.4,01:09.4
BNP,R20017,Group,Ab112/5,4/15/21,1.0.43.0,Locomotion,11:01:25,00:04.3,01:13.7
BNP,R20017,Group,Ab112/5,4/15/21,1.0.43.0,Inactive,11:01:30,00:04.5,01:18.1
BNP,R20017,Group,Ab112/5,4/15/21,1.0.43.0,Selfdirect,11:01:34,00:10.2,01:28.4
BNP,R20017,Group,Ab112/5,4/15/21,1.0.43.0,Locomotion,11:01:44,00:19.1,01:47.5
BNP,R20017,Group,Ab112/5,4/15/21,1.0.43.0,Groom,11:02:04,00:06.5,01:54.0
BNP,R20017,Group,Ab112/5,4/15/21,1.0.43.0,Inactive,11:02:10,00:06.1,02:00.1
BNP,R20017,Group,Ab112/5,4/15/21,1.0.43.0,Locomotion,11:02:16,00:04.1,02:04.2
BNP,R20017,Group,Ab112/5,4/15/21,1.0.43.0,Inactive,11:02:20,00:02.1,02:06.3
BNP,R20017,Group,Ab112/5,4/15/21,1.0.43.0,Locomotion,11:02:22,00:08.2,02:14.5
BNP,R20017,Group,Ab112/5,4/15/21,1.0.43.0,Groom,11:02:30,00:04.4,02:18.8
BNP,R20017,Group,Ab112/5,4/15/21,1.0.43.0,Locomotion,11:02:35,00:31.5,02:50.3
BNP,R20017,Group,Ab112/5,4/15/21,1.0.43.0,Groom,11:03:06,00:09.4,02:59.7
BNP,R20017,Group,Ab112/5,4/15/21,1.0.43.0,Locomotion,11:03:16,00:15.9,03:15.6
BNP,R20017,Group,Ab112/5,4/15/21,1.0.43.0,Inactive,11:03:32,00:05.4,03:20.9
BNP,R20017,Group,Ab112/5,4/15/21,1.0.43.0,Selfdirect,11:03:37,00:11.2,03:32.1
BNP,R20017,Group,Ab112/5,4/15/21,1.0.43.0,Locomotion,11:03:48,00:17.8,03:49.9
BNP,R20017,Group,Ab112/5,4/15/21,1.0.43.0,Inactive,11:04:06,00:03.5,03:53.4
BNP,R20017,Group,Ab112/5,4/15/21,1.0.43.0,Mantleshake,11:04:09,00:01.6,03:55.0
BNP,R20017,Group,Ab112/5,4/15/21,1.0.43.0,Inactive,11:04:11,00:05.4,04:00.4
BNP,R20017,Group,Ab112/5,4/15/21,1.0.43.0,Locomotion,11:04:16,00:42.0,04:42.4
BNP,R20017,Group,Ab112/5,4/15/21,1.0.43.0,Inactive,11:04:58,00:02.4,04:44.8
BNP,R20017,Group,Ab112/5,4/15/21,1.0.43.0,Locomotion,11:05:01,00:08.9,04:53.7
BNP,R20017,Group,Ab112/5,4/15/21,1.0.43.0,Inactive,11:05:10,00:07.5,05:01.1
,,,,,,,,,
BehavCode, Occurrences, totalTime,,,,,,,
Inactive,11,00:56.7,,,,,,,
Threat/display,0,0:00:00,,,,,,,
Sex/self/other,0,0:00:00,,,,,,,
Locomotion,15,03:14.0,,,,,,,
Present,3,00:07.2,,,,,,,
Eat/drink,0,0:00:00,,,,,,,
Pacing,0,0:00:00,,,,,,,
FearGrimace,0,0:00:00,,,,,,,
Tactile/explore,0,0:00:00,,,,,,,
Jumping,0,0:00:00,,,,,,,
Scratch,0,0:00:00,,,,,,,
Lipsmack,0,0:00:00,,,,,,,
Swing/spin/flip,0,0:00:00,,,,,,,
Yawn,0,0:00:00,,,,,,,
Groom,3,00:20.2,,,,,,,
Rock,0,0:00:00,,,,,,,
Mantleshake,1,00:01.6,,,,,,,
Social/play,0,0:00:00,,,,,,,
Headtoss,0,0:00:00,,,,,,,
Selfdirect,2,00:21.4,,,,,,,
Vocal,0,0:00:00,,,,,,,
Salute,0,0:00:00,,,,,,,
Selfbite,0,0:00:00,,,,,,,
Other,0,0:00:00,,,,,,,