Focal Animal Recording,,,,,,,,,
(c)Michael J. Renner,,,,,,,,,
,,,,,,,,,
Observer:,ta,,,,,,,,
Study Code:,bass,,,,,,,,
Indiv ID:,rhav42,,,,,,,,
Obs Site:,Blank Park Zoo,,,,,,,,
Obs Type:,Assessment,,,,,,,,
Housing:,Single,,,,,,,,
Room/Cage:,a262bc9,,,,,,,,
Behavior Date:,4/21/21,,,,,,,,
Behavior Time:,11:00 AM,,,,,,,,
Ethogram:,2021 Bass.csv,,,,,,,,
Coding Began:,4/21/21 11:01,,,,,,,,
Coding Ended:,4/21/21 11:06,,,,,,,,
Session duration:,0:05:03,,,,,,,,
App Version:,1.0.43.0,,,,,,,,
,,,,,,,,,
,,,,,,,,,
Observer, IndivID, Weather, Temp, Date, Version, BehavCode, StartTime, Duration, CumTime
ta,rhav42,Single,a262bc9,4/21/21,1.0.43.0,Inactive,11:01:37,00:25.9,00:25.9
ta,rhav42,Single,a262bc9,4/21/21,1.0.43.0,Scratch,11:02:03,00:03.5,00:29.4
ta,rhav42,Single,a262bc9,4/21/21,1.0.43.0,Inactive,11:02:07,00:04.9,00:34.3
ta,rhav42,Single,a262bc9,4/21/21,1.0.43.0,Yawn,11:02:12,00:03.2,00:37.5
ta,rhav42,Single,a262bc9,4/21/21,1.0.43.0,Inactive,11:02:15,00:19.8,00:57.3
ta,rhav42,Single,a262bc9,4/21/21,1.0.43.0,Locomotion,11:02:35,00:02.5,00:59.8
ta,rhav42,Single,a262bc9,4/21/21,1.0.43.0,Inactive,11:02:37,00:21.3,01:21.1
ta,rhav42,Single,a262bc9,4/21/21,1.0.43.0,Yawn,11:02:58,00:02.7,01:23.8
ta,rhav42,Single,a262bc9,4/21/21,1.0.43.0,Inactive,11:03:01,00:10.2,01:34.0
ta,rhav42,Single,a262bc9,4/21/21,1.0.43.0,Scratch,11:03:11,00:02.9,01:36.9
ta,rhav42,Single,a262bc9,4/21/21,1.0.43.0,Inactive,11:03:14,00:04.7,01:41.6
ta,rhav42,Single,a262bc9,4/21/21,1.0.43.0,Threat/display,11:03:19,00:01.1,01:42.8
ta,rhav42,Single,a262bc9,4/21/21,1.0.43.0,Inactive,11:03:20,00:11.3,01:54.1
ta,rhav42,Single,a262bc9,4/21/21,1.0.43.0,Scratch,11:03:31,00:04.6,01:58.7
ta,rhav42,Single,a262bc9,4/21/21,1.0.43.0,Tactile/explore,11:03:36,00:10.0,02:08.7
ta,rhav42,Single,a262bc9,4/21/21,1.0.43.0,Locomotion,11:03:46,00:05.9,02:14.6
ta,rhav42,Single,a262bc9,4/21/21,1.0.43.0,Inactive,11:03:52,00:08.6,02:23.2
ta,rhav42,Single,a262bc9,4/21/21,1.0.43.0,Yawn,11:04:00,00:01.4,02:24.6
ta,rhav42,Single,a262bc9,4/21/21,1.0.43.0,Inactive,11:04:02,00:12.9,02:37.6
ta,rhav42,Single,a262bc9,4/21/21,1.0.43.0,Scratch,11:04:15,00:03.3,02:40.8
ta,rhav42,Single,a262bc9,4/21/21,1.0.43.0,Inactive,11:04:18,00:09.0,02:49.9
ta,rhav42,Single,a262bc9,4/21/21,1.0.43.0,Locomotion,11:04:27,00:07.2,02:57.1
ta,rhav42,Single,a262bc9,4/21/21,1.0.43.0,Inactive,11:04:34,00:06.0,03:03.1
ta,rhav42,Single,a262bc9,4/21/21,1.0.43.0,Yawn,11:04:40,00:01.0,03:04.0
ta,rhav42,Single,a262bc9,4/21/21,1.0.43.0,Inactive,11:04:41,00:32.4,03:36.4
ta,rhav42,Single,a262bc9,4/21/21,1.0.43.0,Scratch,11:05:14,00:01.2,03:37.6
ta,rhav42,Single,a262bc9,4/21/21,1.0.43.0,Yawn,11:05:15,00:03.5,03:41.1
ta,rhav42,Single,a262bc9,4/21/21,1.0.43.0,Inactive,11:05:18,00:11.5,03:52.6
ta,rhav42,Single,a262bc9,4/21/21,1.0.43.0,Scratch,11:05:30,00:04.3,03:56.9
ta,rhav42,Single,a262bc9,4/21/21,1.0.43.0,Inactive,11:05:34,00:11.3,04:08.2
ta,rhav42,Single,a262bc9,4/21/21,1.0.43.0,Scratch,11:05:45,00:02.7,04:10.9
ta,rhav42,Single,a262bc9,4/21/21,1.0.43.0,Inactive,11:05:48,00:45.7,04:56.6
ta,rhav42,Single,a262bc9,4/21/21,1.0.43.0,Locomotion,11:06:34,00:01.4,04:58.0
ta,rhav42,Single,a262bc9,4/21/21,1.0.43.0,Tactile/explore,11:06:35,00:02.6,05:00.6
ta,rhav42,Single,a262bc9,4/21/21,1.0.43.0,Scratch,11:06:38,00:01.3,05:01.9
,,,,,,,,,
BehavCode, Occurrences, totalTime,,,,,,,
Inactive,15,03:55.7,,,,,,,
Threat/display,1,00:01.1,,,,,,,
Sex/self/other,0,0:00:00,,,,,,,
Locomotion,4,00:17.0,,,,,,,
Present,0,0:00:00,,,,,,,
Eat/drink,0,0:00:00,,,,,,,
Pacing,0,0:00:00,,,,,,,
FearGrimace,0,0:00:00,,,,,,,
Tactile/explore,2,00:12.6,,,,,,,
Jumping,0,0:00:00,,,,,,,
Scratch,8,00:23.7,,,,,,,
Lipsmack,0,0:00:00,,,,,,,
Swing/spin/flip,0,0:00:00,,,,,,,
Yawn,5,00:11.7,,,,,,,
Groom,0,0:00:00,,,,,,,
Rock,0,0:00:00,,,,,,,
Mantleshake,0,0:00:00,,,,,,,
Social/play,0,0:00:00,,,,,,,
Headtoss,0,0:00:00,,,,,,,
Selfdirect,0,0:00:00,,,,,,,
Vocal,0,0:00:00,,,,,,,
Salute,0,0:00:00,,,,,,,
Selfbite,0,0:00:00,,,,,,,
Other,0,0:00:00,,,,,,,