Focal Animal Recording,,,,,,,,,
(c)Michael J. Renner,,,,,,,,,
,,,,,,,,,
Observer:,Js,,,,,,,,
Study Code:,2021bass,,,,,,,,
Indiv ID:,Rh3029,,,,,,,,
Obs Site:,Blank Park Zoo,,,,,,,,
Obs Type:,Assessment,,,,,,,,
Housing:,Pair,,,,,,,,
Room/Cage:,bmqh2c19,,,,,,,,
Behavior Date:,5/6/21,,,,,,,,
Behavior Time:,10:22 AM,,,,,,,,
Ethogram:,2021 bass.csv,,,,,,,,
Coding Began:,5/6/21 10:23,,,,,,,,
Coding Ended:,5/6/21 10:29,,,,,,,,
Session duration:,0:05:03,,,,,,,,
App Version:,1.0.46.0,,,,,,,,
Notes:,,,,,,,,,
,,,,,,,,,
Observer, IndivID, Weather, Temp, Date, Version, BehavCode, StartTime, Duration, CumTime
Js,Rh3029,Pair,bmqh2c19,5/6/21,1.0.46.0,Inactive,10:23:59,00:04.0,00:04.0
Js,Rh3029,Pair,bmqh2c19,5/6/21,1.0.46.0,Tactile/exploreore,10:24:03,00:02.4,00:06.4
Js,Rh3029,Pair,bmqh2c19,5/6/21,1.0.46.0,Inactive,10:24:05,00:55.1,01:01.5
Js,Rh3029,Pair,bmqh2c19,5/6/21,1.0.46.0,Scratch,10:25:00,00:01.9,01:03.4
Js,Rh3029,Pair,bmqh2c19,5/6/21,1.0.46.0,Inactive,10:25:02,00:09.3,01:12.8
Js,Rh3029,Pair,bmqh2c19,5/6/21,1.0.46.0,Tactile/exploreore,10:25:12,00:06.1,01:18.9
Js,Rh3029,Pair,bmqh2c19,5/6/21,1.0.46.0,Scratch,10:25:18,00:04.4,01:23.2
Js,Rh3029,Pair,bmqh2c19,5/6/21,1.0.46.0,Inactive,10:25:22,00:03.6,01:26.8
Js,Rh3029,Pair,bmqh2c19,5/6/21,1.0.46.0,Locomotion,10:25:26,00:01.6,01:28.5
Js,Rh3029,Pair,bmqh2c19,5/6/21,1.0.46.0,Inactive,10:25:27,00:11.7,01:40.2
Js,Rh3029,Pair,bmqh2c19,5/6/21,1.0.46.0,Locomotion,10:25:39,00:03.2,01:43.4
Js,Rh3029,Pair,bmqh2c19,5/6/21,1.0.46.0,Tactile/exploreore,10:25:42,00:16.4,01:59.8
Js,Rh3029,Pair,bmqh2c19,5/6/21,1.0.46.0,Inactive,10:25:59,00:03.5,02:03.3
Js,Rh3029,Pair,bmqh2c19,5/6/21,1.0.46.0,Locomotion,10:26:02,00:03.6,02:06.8
Js,Rh3029,Pair,bmqh2c19,5/6/21,1.0.46.0,Inactive,10:26:06,00:03.8,02:10.6
Js,Rh3029,Pair,bmqh2c19,5/6/21,1.0.46.0,Scratch,10:26:10,00:02.4,02:13.0
Js,Rh3029,Pair,bmqh2c19,5/6/21,1.0.46.0,Inactive,10:26:12,00:04.7,02:17.7
Js,Rh3029,Pair,bmqh2c19,5/6/21,1.0.46.0,Scratch,10:26:17,00:03.6,02:21.4
Js,Rh3029,Pair,bmqh2c19,5/6/21,1.0.46.0,Inactive,10:26:20,00:06.5,02:27.9
Js,Rh3029,Pair,bmqh2c19,5/6/21,1.0.46.0,Locomotion,10:26:27,00:02.5,02:30.4
Js,Rh3029,Pair,bmqh2c19,5/6/21,1.0.46.0,Tactile/exploreore,10:26:29,00:04.3,02:34.6
Js,Rh3029,Pair,bmqh2c19,5/6/21,1.0.46.0,Inactive,10:26:34,00:02.8,02:37.4
Js,Rh3029,Pair,bmqh2c19,5/6/21,1.0.46.0,Locomotion,10:26:36,00:03.1,02:40.5
Js,Rh3029,Pair,bmqh2c19,5/6/21,1.0.46.0,Tactile/exploreore,10:26:39,00:08.8,02:49.3
Js,Rh3029,Pair,bmqh2c19,5/6/21,1.0.46.0,Locomotion,10:26:48,00:02.0,02:51.3
Js,Rh3029,Pair,bmqh2c19,5/6/21,1.0.46.0,Inactive,10:26:50,00:06.9,02:58.2
Js,Rh3029,Pair,bmqh2c19,5/6/21,1.0.46.0,Tactile/exploreore,10:26:57,00:12.3,03:10.5
Js,Rh3029,Pair,bmqh2c19,5/6/21,1.0.46.0,Inactive,10:27:09,00:05.3,03:15.7
Js,Rh3029,Pair,bmqh2c19,5/6/21,1.0.46.0,Scratch,10:27:15,00:03.4,03:19.1
Js,Rh3029,Pair,bmqh2c19,5/6/21,1.0.46.0,Groom,10:27:18,00:04.9,03:24.1
Js,Rh3029,Pair,bmqh2c19,5/6/21,1.0.46.0,Tactile/exploreore,10:27:23,00:13.6,03:37.7
Js,Rh3029,Pair,bmqh2c19,5/6/21,1.0.46.0,Locomotion,10:27:37,00:01.4,03:39.1
Js,Rh3029,Pair,bmqh2c19,5/6/21,1.0.46.0,Inactive,10:27:38,00:06.8,03:45.9
Js,Rh3029,Pair,bmqh2c19,5/6/21,1.0.46.0,Locomotion,10:27:45,00:01.7,03:47.6
Js,Rh3029,Pair,bmqh2c19,5/6/21,1.0.46.0,Tactile/exploreore,10:27:47,00:11.5,03:59.1
Js,Rh3029,Pair,bmqh2c19,5/6/21,1.0.46.0,Locomotion,10:27:58,00:05.5,04:04.6
Js,Rh3029,Pair,bmqh2c19,5/6/21,1.0.46.0,Inactive,10:28:04,00:24.1,04:28.7
Js,Rh3029,Pair,bmqh2c19,5/6/21,1.0.46.0,Locomotion,10:28:28,00:02.0,04:30.7
Js,Rh3029,Pair,bmqh2c19,5/6/21,1.0.46.0,Inactive,10:28:30,00:06.4,04:37.0
Js,Rh3029,Pair,bmqh2c19,5/6/21,1.0.46.0,Social/play,10:28:36,00:02.7,04:39.8
Js,Rh3029,Pair,bmqh2c19,5/6/21,1.0.46.0,Inactive,10:28:39,00:13.9,04:53.6
Js,Rh3029,Pair,bmqh2c19,5/6/21,1.0.46.0,Selfdirect,10:28:53,00:02.9,04:56.6
Js,Rh3029,Pair,bmqh2c19,5/6/21,1.0.46.0,Inactive,10:28:55,00:02.3,04:58.8
Js,Rh3029,Pair,bmqh2c19,5/6/21,1.0.46.0,Scratch,10:28:58,00:02.7,05:01.5
,,,,,,,,,
BehavCode, Occurrences, totalTime,,,,,,,
Inactive,17,02:50.5,,,,,,,
Threat/display,0,0:00:00,,,,,,,
Sex/self/other,0,0:00:00,,,,,,,
Locomotion,10,00:26.7,,,,,,,
Aggression,0,0:00:00,,,,,,,
Eat/drink,0,0:00:00,,,,,,,
Pacing,0,0:00:00,,,,,,,
Present,0,0:00:00,,,,,,,
Tactile/exploreore,8,01:15.3,,,,,,,
Jumping,0,0:00:00,,,,,,,
Feargrimace,0,0:00:00,,,,,,,
Lipsmack,0,0:00:00,,,,,,,
Swing/spin/flip,0,0:00:00,,,,,,,
Scratch,6,00:18.4,,,,,,,
Groom,1,00:04.9,,,,,,,
Rock,0,0:00:00,,,,,,,
Yawn,0,0:00:00,,,,,,,
SocGroom,0,0:00:00,,,,,,,
Headtoss,0,0:00:00,,,,,,,
Mantleshake,0,0:00:00,,,,,,,
Social/play,1,00:02.7,,,,,,,
Salute,0,0:00:00,,,,,,,
Selfdirect,1,00:02.9,,,,,,,
Vocal,0,0:00:00,,,,,,,
Cling,0,0:00:00,,,,,,,
Selfbite,0,0:00:00,,,,,,,
Other,0,0:00:00,,,,,,,