Focal Animal Recording,,,,,,,,,
(c)Michael J. Renner,,,,,,,,,
,,,,,,,,,
Observer:,mr,,,,,,,,
Study Code:,2021 bass,,,,,,,,
Indiv ID:,rh2800,,,,,,,,
Obs Site:,Blank Park Zoo,,,,,,,,
Obs Type:,Assessment,,,,,,,,
Housing:,Pair,,,,,,,,
Room/Cage:,cb11c41,,,,,,,,
Behavior Date:,4/21/21,,,,,,,,
Behavior Time:,11:02 AM,,,,,,,,
Ethogram:,2021 Bass.csv,,,,,,,,
Coding Began:,4/21/21 11:03,,,,,,,,
Coding Ended:,4/21/21 11:08,,,,,,,,
Session duration:,0:05:03,,,,,,,,
App Version:,1.0.43.0,,,,,,,,
Notes:,other=suck finger; social/play=with baby,,,,,,,,
,,,,,,,,,
Observer, IndivID, Weather, Temp, Date, Version, BehavCode, StartTime, Duration, CumTime
mr,rh2800,Pair,cb11c41,4/21/21,1.0.43.0,Social/play,11:03:47,00:13.6,00:13.6
mr,rh2800,Pair,cb11c41,4/21/21,1.0.43.0,Threat/display,11:04:00,00:16.6,00:30.1
mr,rh2800,Pair,cb11c41,4/21/21,1.0.43.0,Social/play,11:04:17,00:16.2,00:46.3
mr,rh2800,Pair,cb11c41,4/21/21,1.0.43.0,Other,11:04:33,00:09.9,00:56.2
mr,rh2800,Pair,cb11c41,4/21/21,1.0.43.0,Social/play,11:04:43,00:15.7,01:11.9
mr,rh2800,Pair,cb11c41,4/21/21,1.0.43.0,Groom,11:04:59,00:05.9,01:17.9
mr,rh2800,Pair,cb11c41,4/21/21,1.0.43.0,Inactive,11:05:05,00:04.4,01:22.3
mr,rh2800,Pair,cb11c41,4/21/21,1.0.43.0,Locomotion,11:05:09,00:07.5,01:29.9
mr,rh2800,Pair,cb11c41,4/21/21,1.0.43.0,Threat/display,11:05:17,00:08.1,01:38.0
mr,rh2800,Pair,cb11c41,4/21/21,1.0.43.0,Scratch,11:05:25,00:03.6,01:41.6
mr,rh2800,Pair,cb11c41,4/21/21,1.0.43.0,Threat/display,11:05:28,00:03.7,01:45.3
mr,rh2800,Pair,cb11c41,4/21/21,1.0.43.0,Scratch,11:05:32,00:04.6,01:49.9
mr,rh2800,Pair,cb11c41,4/21/21,1.0.43.0,Inactive,11:05:37,00:03.1,01:53.0
mr,rh2800,Pair,cb11c41,4/21/21,1.0.43.0,Mantleshake,11:05:40,00:01.8,01:54.8
mr,rh2800,Pair,cb11c41,4/21/21,1.0.43.0,Inactive,11:05:42,00:04.5,01:59.3
mr,rh2800,Pair,cb11c41,4/21/21,1.0.43.0,Social/play,11:05:46,00:08.1,02:07.5
mr,rh2800,Pair,cb11c41,4/21/21,1.0.43.0,Inactive,11:05:54,00:03.8,02:11.3
mr,rh2800,Pair,cb11c41,4/21/21,1.0.43.0,Scratch,11:05:58,00:02.6,02:13.8
mr,rh2800,Pair,cb11c41,4/21/21,1.0.43.0,Inactive,11:06:01,00:12.7,02:26.6
mr,rh2800,Pair,cb11c41,4/21/21,1.0.43.0,Scratch,11:06:13,00:05.7,02:32.2
mr,rh2800,Pair,cb11c41,4/21/21,1.0.43.0,Inactive,11:06:19,00:06.0,02:38.2
mr,rh2800,Pair,cb11c41,4/21/21,1.0.43.0,Threat/display,11:06:25,00:08.0,02:46.2
mr,rh2800,Pair,cb11c41,4/21/21,1.0.43.0,Inactive,11:06:33,00:19.2,03:05.4
mr,rh2800,Pair,cb11c41,4/21/21,1.0.43.0,Locomotion,11:06:52,00:04.2,03:09.7
mr,rh2800,Pair,cb11c41,4/21/21,1.0.43.0,Threat/display,11:06:56,00:18.8,03:28.5
mr,rh2800,Pair,cb11c41,4/21/21,1.0.43.0,Locomotion,11:07:15,00:04.3,03:32.8
mr,rh2800,Pair,cb11c41,4/21/21,1.0.43.0,Threat/display,11:07:20,00:10.4,03:43.2
mr,rh2800,Pair,cb11c41,4/21/21,1.0.43.0,Inactive,11:07:30,00:02.0,03:45.2
mr,rh2800,Pair,cb11c41,4/21/21,1.0.43.0,Scratch,11:07:32,00:02.0,03:47.3
mr,rh2800,Pair,cb11c41,4/21/21,1.0.43.0,Inactive,11:07:34,00:11.0,03:58.2
mr,rh2800,Pair,cb11c41,4/21/21,1.0.43.0,Scratch,11:07:45,00:04.2,04:02.4
mr,rh2800,Pair,cb11c41,4/21/21,1.0.43.0,Inactive,11:07:49,00:09.6,04:12.0
mr,rh2800,Pair,cb11c41,4/21/21,1.0.43.0,Threat/display,11:07:59,00:10.0,04:22.1
mr,rh2800,Pair,cb11c41,4/21/21,1.0.43.0,Inactive,11:08:09,00:38.8,05:00.8
,,,,,,,,,
BehavCode, Occurrences, totalTime,,,,,,,
Inactive,11,01:55.1,,,,,,,
Threat/display,7,01:15.6,,,,,,,
Sex/self/other,0,0:00:00,,,,,,,
Locomotion,3,00:16.1,,,,,,,
Present,0,0:00:00,,,,,,,
Eat/drink,0,0:00:00,,,,,,,
Pacing,0,0:00:00,,,,,,,
FearGrimace,0,0:00:00,,,,,,,
Tactile/explore,0,0:00:00,,,,,,,
Jumping,0,0:00:00,,,,,,,
Scratch,6,00:22.7,,,,,,,
Lipsmack,0,0:00:00,,,,,,,
Swing/spin/flip,0,0:00:00,,,,,,,
Yawn,0,0:00:00,,,,,,,
Groom,1,00:05.9,,,,,,,
Rock,0,0:00:00,,,,,,,
Mantleshake,1,00:01.8,,,,,,,
Social/play,4,00:53.6,,,,,,,
Headtoss,0,0:00:00,,,,,,,
Selfdirect,0,0:00:00,,,,,,,
Vocal,0,0:00:00,,,,,,,
Salute,0,0:00:00,,,,,,,
Selfbite,0,0:00:00,,,,,,,
Other,1,00:09.9,,,,,,,