Focal Animal Recording,,,,,,,,,
(c)Michael J. Renner,,,,,,,,,
,,,,,,,,,
Observer:,ta,,,,,,,,
Study Code:,bass,,,,,,,,
Indiv ID:,rh2944,,,,,,,,
Obs Site:,Blank Park Zoo,,,,,,,,
Obs Type:,Assessment,,,,,,,,
Housing:,Pair,,,,,,,,
Room/Cage:,a262bc5,,,,,,,,
Behavior Date:,4/21/21,,,,,,,,
Behavior Time:,11:12 AM,,,,,,,,
Ethogram:,2021 Bass.csv,,,,,,,,
Coding Began:,4/21/21 11:13,,,,,,,,
Coding Ended:,4/21/21 11:18,,,,,,,,
Session duration:,0:05:02,,,,,,,,
App Version:,1.0.43.0,,,,,,,,
,,,,,,,,,
,,,,,,,,,
Observer, IndivID, Weather, Temp, Date, Version, BehavCode, StartTime, Duration, CumTime
ta,rh2944,Pair,a262bc5,4/21/21,1.0.43.0,Inactive,11:13:22,00:03.1,00:03.1
ta,rh2944,Pair,a262bc5,4/21/21,1.0.43.0,Locomotion,11:13:25,00:03.1,00:06.1
ta,rh2944,Pair,a262bc5,4/21/21,1.0.43.0,Inactive,11:13:28,00:05.3,00:11.4
ta,rh2944,Pair,a262bc5,4/21/21,1.0.43.0,Vocal,11:13:34,00:03.1,00:14.5
ta,rh2944,Pair,a262bc5,4/21/21,1.0.43.0,Scratch,11:13:37,00:02.3,00:16.8
ta,rh2944,Pair,a262bc5,4/21/21,1.0.43.0,Inactive,11:13:39,00:03.1,00:19.9
ta,rh2944,Pair,a262bc5,4/21/21,1.0.43.0,Vocal,11:13:42,00:00.8,00:20.7
ta,rh2944,Pair,a262bc5,4/21/21,1.0.43.0,Locomotion,11:13:43,00:01.6,00:22.3
ta,rh2944,Pair,a262bc5,4/21/21,1.0.43.0,Inactive,11:13:45,00:05.3,00:27.6
ta,rh2944,Pair,a262bc5,4/21/21,1.0.43.0,Locomotion,11:13:50,00:06.3,00:33.8
ta,rh2944,Pair,a262bc5,4/21/21,1.0.43.0,Inactive,11:13:56,00:04.2,00:38.0
ta,rh2944,Pair,a262bc5,4/21/21,1.0.43.0,Swing/spin/flip,11:14:00,00:02.8,00:40.8
ta,rh2944,Pair,a262bc5,4/21/21,1.0.43.0,Inactive,11:14:03,00:07.0,00:47.7
ta,rh2944,Pair,a262bc5,4/21/21,1.0.43.0,Vocal,11:14:10,00:02.6,00:50.4
ta,rh2944,Pair,a262bc5,4/21/21,1.0.43.0,Inactive,11:14:13,00:10.2,01:00.6
ta,rh2944,Pair,a262bc5,4/21/21,1.0.43.0,Locomotion,11:14:23,00:11.5,01:12.2
ta,rh2944,Pair,a262bc5,4/21/21,1.0.43.0,Inactive,11:14:35,00:06.6,01:18.7
ta,rh2944,Pair,a262bc5,4/21/21,1.0.43.0,Vocal,11:14:41,00:01.3,01:20.0
ta,rh2944,Pair,a262bc5,4/21/21,1.0.43.0,Inactive,11:14:42,00:27.5,01:47.5
ta,rh2944,Pair,a262bc5,4/21/21,1.0.43.0,Eat/drink,11:15:10,00:11.0,01:58.5
ta,rh2944,Pair,a262bc5,4/21/21,1.0.43.0,Locomotion,11:15:21,00:01.9,02:00.5
ta,rh2944,Pair,a262bc5,4/21/21,1.0.43.0,Inactive,11:15:23,00:07.8,02:08.2
ta,rh2944,Pair,a262bc5,4/21/21,1.0.43.0,Locomotion,11:15:31,00:07.6,02:15.8
ta,rh2944,Pair,a262bc5,4/21/21,1.0.43.0,Inactive,11:15:38,00:11.9,02:27.7
ta,rh2944,Pair,a262bc5,4/21/21,1.0.43.0,Vocal,11:15:50,00:01.7,02:29.4
ta,rh2944,Pair,a262bc5,4/21/21,1.0.43.0,Inactive,11:15:52,00:03.9,02:33.3
ta,rh2944,Pair,a262bc5,4/21/21,1.0.43.0,Mantleshake,11:15:56,00:01.9,02:35.2
ta,rh2944,Pair,a262bc5,4/21/21,1.0.43.0,Inactive,11:15:58,00:16.4,02:51.5
ta,rh2944,Pair,a262bc5,4/21/21,1.0.43.0,Locomotion,11:16:14,00:01.2,02:52.8
ta,rh2944,Pair,a262bc5,4/21/21,1.0.43.0,Inactive,11:16:15,00:08.2,03:01.0
ta,rh2944,Pair,a262bc5,4/21/21,1.0.43.0,Tactile/explore,11:16:23,00:03.1,03:04.1
ta,rh2944,Pair,a262bc5,4/21/21,1.0.43.0,Vocal,11:16:26,00:01.2,03:05.2
ta,rh2944,Pair,a262bc5,4/21/21,1.0.43.0,Locomotion,11:16:28,00:01.5,03:06.7
ta,rh2944,Pair,a262bc5,4/21/21,1.0.43.0,Inactive,11:16:29,00:36.2,03:42.9
ta,rh2944,Pair,a262bc5,4/21/21,1.0.43.0,Locomotion,11:17:05,00:04.1,03:47.0
ta,rh2944,Pair,a262bc5,4/21/21,1.0.43.0,Inactive,11:17:09,00:13.9,04:00.9
ta,rh2944,Pair,a262bc5,4/21/21,1.0.43.0,Locomotion,11:17:23,00:04.1,04:05.0
ta,rh2944,Pair,a262bc5,4/21/21,1.0.43.0,Inactive,11:17:27,00:55.9,05:00.9
,,,,,,,,,
BehavCode, Occurrences, totalTime,,,,,,,
Inactive,17,03:46.2,,,,,,,
Threat/display,0,0:00:00,,,,,,,
Sex/self/other,0,0:00:00,,,,,,,
Locomotion,10,00:42.9,,,,,,,
Present,0,0:00:00,,,,,,,
Eat/drink,1,00:11.0,,,,,,,
Pacing,0,0:00:00,,,,,,,
FearGrimace,0,0:00:00,,,,,,,
Tactile/explore,1,00:03.1,,,,,,,
Jumping,0,0:00:00,,,,,,,
Scratch,1,00:02.3,,,,,,,
Lipsmack,0,0:00:00,,,,,,,
Swing/spin/flip,1,00:02.8,,,,,,,
Yawn,0,0:00:00,,,,,,,
Groom,0,0:00:00,,,,,,,
Rock,0,0:00:00,,,,,,,
Mantleshake,1,00:01.9,,,,,,,
Social/play,0,0:00:00,,,,,,,
Headtoss,0,0:00:00,,,,,,,
Selfdirect,0,0:00:00,,,,,,,
Vocal,6,00:10.7,,,,,,,
Salute,0,0:00:00,,,,,,,
Selfbite,0,0:00:00,,,,,,,
Other,0,0:00:00,,,,,,,